0 0 1 1
1 1 2 9
2 9 1 10
3 10 2 18
4 18 1 19
5 19 2 11
6 11 2 19
7 19 2 27
8 27 1 28
9 28 2 36
10 36 1 37
11 37 2 45
12 45 1 46
13 46 2 54
14 54 1 55
15 55 2 63
16 63 0 63
17 63 0 63
18 63 0 63
19 63 0 63
20 63 0 63
21 63 0 63
22 63 0 63
23 63 0 63
24 63 0 63
25 63 0 63
26 63 0 63
27 63 0 63
28 63 0 63
29 63 0 63
30 63 0 63
31 63 0 63
32 63 0 63
33 63 0 63
34 63 0 63
35 63 0 63
36 63 0 63
37 63 0 63
38 63 0 63
39 63 0 63
40 63 0 63
41 63 0 63
42 63 0 63
43 63 0 63
44 63 0 63
45 63 0 63
46 63 0 63
47 63 0 63
